0 110962
0 110962
0 50386
0 60576
0 13704
0 46872
0 100
0 100
0 100
0 0
0 0
0 0
0 0
0 0
0 0
0 0
0 0
0 0
0 0
0 0
0 0
0 0
0 100
0 100
0 100
0 100
0 0
0 100
0 1100
0 11000
0 10000
0 0
0 100
0 0
0 100
0 21
0 79
0 100
0 0
0 0
0 0
0 100
0 100
0 100
0 100
0 100
0 100
0 2100
0 16500
0 15500
0 1000
0 180
0 0
0 90
0 910
0 1000
0 14500
0 479
0 379
0 1516
0 1137
0 1137
0 3032
0 2653
0 2653
0 479
0 379
0 0
0 479
0 379
0 379
0 2800
0 2700
0 100
0 100
0 100
0 100
0 100
0 100
0 100
0 600
0 500
0 100
0 100
0 4231
0 4231
0 4231
0 95
0 4136
0 54721
0 46449
0 46449
0 46449
0 181790
0 135341
0 46449
0 50585
0 46449
0 46449
0 4136
0 3529
0 3529
0 3529
0 0
0 3529
0 0
0 3529
0 3529
0 0
0 3529
0 738
0 2791
0 2791
0 2791
0 59351
0 59351
0 59351
0 0
0 59351
0 24521
0 34830
0 26227
0 8603
0 8603
0 8603
0 8603
0 8603
0 0
0 0
0 46380
0 46380
0 46380
0 69084
0 69084
0 34
0 34
0 210
0 176
0 54
0 20
0 479
0 445
0 34
0 66379
0 66379
0 8135
0 8135
0 44531
0 36396
0 36396
0 8135
0 8135
0 5988
0 2147
0 8135
0 8135
0 8135
0 8135
0 8135
0 8135
0 8135
0 48810
0 40675
0 8135
0 8135
0 24788
0 24788
0 0
0 24788
0 644488
0 619700
0 14820
0 24788
0 158
0 24630
0 379
0 379
0 799
0 420
0 420
0 420
0 420
0 420
0 420
0 3743
0 3364
0 3364
0 3364
0 3364
0 3364
0 3364
0 3743
0 3364
0 3364
0 3364
0 3364
0 3364
0 3364
0 379
0 100
0 500
0 400
0 21
0 379
0 100
0 500
0 400
0 96
0 100
0 100
0 500
0 400
0 53
0 100
0 500
0 400
0 100
0 100
0 500
0 400
0 109
0 291
0 100
0 43181
0 43181
0 46462
0 42620
0 42620
0 3842
0 3842
0 3842
0 3842
0 3842
0 3842
0 3842
0 91
0 3751
0 3751
0 3751
0 39339
0 39339
0 39339
0 39339
0 39339
0 43090
0 163558
0 163558
0 31
0 4849
0 4699
0 64272
0 7150
0 5711
0 4742
0 3687
0 3540
0 3485
0 3227
0 3631
0 3884
0 3683
0 3565
0 3581
0 3826
0 3770
0 3641
0 3387
0 3663
0 3506
0 3844
0 3448
0 3782
0 3252
0 3702
0 0
0 3529
0 3529
0 3529
0 3529
0 3529
0 3529
0 3529
0 918
0 3529
0 119
0 69
0 4
0 69
0 69
0 69
0 50
0 19
0 19
0 19
0 69
0 19
0 19
0 25
0 73
0 1107
0 948
0 948
0 159
0 159
0 477
0 159
0 159
0 0
0 159
0 159
0 1107
0 948
0 948
0 159
0 131
0 65
0 65
0 0
0 65
0 0
0 65
0 0
0 65
0 65
0 120
0 120
0 65
0 65
0 65
0 199
0 199
0 47
0 152
0 152
0 248
0 248
0 152
0 152
0 152
0 152
0 306
0 151
0 151
0 30
0 30
0 117
0 57
0 30
0 30
0 30
0 153
0 123
0 30
0 30
0 30
0 27
0 0
0 0
0 0
0 0
0 0
0 0
0 27
0 121
0 61
0 61
0 61
0 4
0 151
0 328
0 79
0 79
0 79
0 79
0 0
0 0
0 0
0 0
0 0
0 0
0 0
0 0
0 0
0 0
0 0
0 0
0 79
0 277
0 89
0 89
0 188
0 88
0 100
0 100
0 277
0 277
0 58
0 0
0 0
0 0
0 0
0 0
0 0
0 58
0 45
0 39
0 39
0 39
0 39
0 6
0 58
0 58
0 58
0 58
0 58
0 58
0 58
0 16
0 16
0 16
0 232
0 174
0 52
0 122
0 84
0 84
0 38
0 58
0 296
0 296
0 0
0 296
0 0
0 1762
0 1466
0 160
0 296
0 174
0 122
0 584
0 462
0 340
0 122
0 176
0 105
0 100
0 49
0 49
0 122
0 152
0 721
0 569
0 418
0 1
0 0
0 0
0 1
0 0
0 0
0 152
0 152
0 549
0 549
0 203
0 346
0 346
0 346
0 50
0 50
0 50
0 166
0 601
0 474
0 347
0 347
0 347
0 347
0 127
0 186
0 1109
0 926
0 3
0 3
0 186
0 3
0 3
0 15
0 12
0 3
0 183
0 0
0 6081
0 6081
0 5340
0 5340
0 6081
0 6081
0 886
0 5195
0 5
0 5190
0 5190
0 5190
0 6081
0 9392
0 9392
0 84
0 9308
0 12
0 12
0 9296
0 65
0 65
0 9231
0 9231
0 9308
0 9308
0 11337
0 11337
0 67045
0 55708
0 30250
0 25458
0 3902
0 21556
0 204
0 11337
0 11337
0 152
0 608
0 456
0 152
0 152
0 328
0 328
0 328
0 328
0 166
0 166
0 166
0 140
0 140
0 166
0 166
0 73
0 365
0 292
0 73
0 337
0 264
0 191
0 73
0 73
0 306
0 306
0 306
0 306
0 306
